CSTCG_0001,4,3,2,1,
CSTCG_0002,4,3,1,2,
CSTCG_0003,4,2,3,1,
CSTCG_0004,4,2,1,3,
CSTCG_0005,4,1,2,3,
CSTCG_0006,4,1,3,2,
CSTCG_0007,3,4,2,1,
CSTCG_0008,3,4,1,2,
CSTCG_0009,3,2,4,1,
CSTCG_0010,3,2,1,4,
CSTCG_0011,3,1,2,4,
CSTCG_0012,3,1,4,2,
CSTCG_0013,2,3,4,1,
CSTCG_0014,2,3,1,4,
CSTCG_0015,2,4,3,1,
CSTCG_0016,2,4,1,3,
CSTCG_0017,2,1,4,3,
CSTCG_0018,2,1,3,4,
CSTCG_0019,1,3,2,4,
CSTCG_0020,1,3,4,2,
CSTCG_0021,1,2,3,4,
CSTCG_0022,1,2,4,3,
CSTCG_0023,1,4,2,3,
CSTCG_0024,1,4,3,2,
CSTCG_0025,4,3,2,1,
CSTCG_0026,4,3,1,2,
CSTCG_0027,4,2,3,1,
CSTCG_0028,4,2,1,3,
CSTCG_0029,4,1,2,3,
CSTCG_0030,4,1,3,2,
CSTCG_0031,3,4,2,1,
CSTCG_0032,3,4,1,2,
CSTCG_0033,3,2,4,1,
CSTCG_0034,3,2,1,4,
CSTCG_0035,3,1,2,4,
CSTCG_0036,3,1,4,2,
CSTCG_0037,2,3,4,1,
CSTCG_0038,2,3,1,4,
CSTCG_0039,2,4,3,1,
CSTCG_0040,2,4,1,3,
CSTCG_0041,2,1,4,3,
CSTCG_0042,2,1,3,4,
CSTCG_0043,1,3,2,4,
CSTCG_0044,1,3,4,2,
CSTCG_0045,1,2,3,4,
CSTCG_0046,1,2,4,3,
CSTCG_0047,1,4,2,3,
CSTCG_0048,1,4,3,2,
CSTCG_5001,4,3,2,1,
CSTCG_5002,4,3,1,2,
CSTCG_5003,4,2,3,1,
CSTCG_5004,4,2,1,3,
CSTCG_5005,4,1,2,3,
CSTCG_5006,4,1,3,2,
CSTCG_5007,3,4,2,1,
CSTCG_5008,3,4,1,2,
CSTCG_5009,3,2,4,1,
CSTCG_5010,3,2,1,4,
CSTCG_5011,3,1,2,4,
CSTCG_5012,3,1,4,2,
CSTCG_5013,2,3,4,1,
CSTCG_5014,2,3,1,4,
CSTCG_5015,2,4,3,1,
CSTCG_5016,2,4,1,3,
CSTCG_5017,2,1,4,3,
CSTCG_5018,2,1,3,4,
CSTCG_5019,1,3,2,4,
CSTCG_5020,1,3,4,2,
CSTCG_5021,1,2,3,4,
CSTCG_5022,1,2,4,3,
CSTCG_5023,1,4,2,3,
CSTCG_5024,1,4,3,2,
CSTCG_5025,4,3,2,1,
CSTCG_5026,4,3,1,2,
CSTCG_5027,4,2,3,1,
CSTCG_5028,4,2,1,3,
CSTCG_5029,4,1,2,3,
CSTCG_5030,4,1,3,2,
CSTCG_5031,3,4,2,1,
CSTCG_5032,3,4,1,2,
CSTCG_5033,3,2,4,1,
CSTCG_5034,3,2,1,4,
CSTCG_5035,3,1,2,4,
CSTCG_5036,3,1,4,2,
CSTCG_5037,2,3,4,1,
CSTCG_5038,2,3,1,4,
CSTCG_5039,2,4,3,1,
CSTCG_5040,2,4,1,3,
CSTCG_5041,2,1,4,3,
CSTCG_5042,2,1,3,4,
CSTCG_5043,1,3,2,4,
CSTCG_5044,1,3,4,2,
CSTCG_5045,1,2,3,4,
CSTCG_5046,1,2,4,3,
CSTCG_5047,1,4,2,3,
CSTCG_5048,1,4,3,2,
CSTCG_9001,4,3,2,1,
CSTCG_9002,4,3,1,2,
CSTCG_9003,4,2,3,1,
CSTCG_9004,4,2,1,3,
CSTCG_9005,4,1,2,3,
CSTCG_9006,4,1,3,2,
CSTCG_9007,3,4,2,1,
CSTCG_9008,3,4,1,2,
CSTCG_9009,3,2,4,1,
CSTCG_9010,3,2,1,4,
CSTCG_9011,3,1,2,4,
CSTCG_9012,3,1,4,2,
CSTCG_9013,2,3,4,1,
CSTCG_9014,2,3,1,4,
CSTCG_9015,2,4,3,1,
CSTCG_9016,2,4,1,3,
CSTCG_9017,2,1,4,3,
CSTCG_9018,2,1,3,4,
CSTCG_9019,1,3,2,4,
CSTCG_9020,1,3,4,2,
CSTCG_9021,1,2,3,4,
CSTCG_9022,1,2,4,3,
CSTCG_9023,1,4,2,3,
CSTCG_9024,1,4,3,2,
CSTCG_9025,4,3,2,1,
CSTCG_9026,4,3,1,2,
CSTCG_9027,4,2,3,1,
CSTCG_9028,4,2,1,3,
CSTCG_9029,4,1,2,3,
CSTCG_9030,4,1,3,2,
CSTCG_9031,3,4,2,1,
CSTCG_9032,3,4,1,2,
CSTCG_9033,3,2,4,1,
CSTCG_9034,3,2,1,4,
CSTCG_9035,3,1,2,4,
CSTCG_9036,3,1,4,2,
CSTCG_9037,2,3,4,1,
CSTCG_9038,2,3,1,4,
CSTCG_9039,2,4,3,1,
CSTCG_9040,2,4,1,3,
CSTCG_9041,2,1,4,3,
CSTCG_9042,2,1,3,4,
CSTCG_9043,1,3,2,4,
CSTCG_9044,1,3,4,2,
CSTCG_9045,1,2,3,4,
CSTCG_9046,1,2,4,3,
CSTCG_9047,1,4,2,3,
CSTCG_9048,1,4,3,2,